00000010000000100000011000011110000010110011110011100110001111000000101100011110000001100000001000000010
001000111011111
00000100000000010001001100000011000001111011001100001111001011110000001100101111010010010000010000000011
100001111110000
011000110110000100101000101000111000000111000000111000101000101001000011011000110
001100001100001100001100001100001100001100001100001100001100001100001100001100001100001100001100001100001100001100001100001100001100001100001100001100001100
011000011000011000011000011000011000011000011000011000011000011000011000011000011000011000011000011000011000011000011000011000011000011000011000011000011000
110000110000110000110000110000110000110000110000110000110000110000110000110000110000110000110000110000110000110000110000110000110000110000110000110000110000
011000011000011000011000011000011000011000011000011000011000011000011000011000011000011000011000011000011000011000011000011000011000011000011000011000011000
001100001100001100001100001100001100001100001100001100001100001100001100001100001100001100001100001100001100001100001100001100001100001100001100001100001100
000011111100001
001110010111100101111010011011101110110011111010111110101110110001101110011110100111100100111001
001110000111101001111111011011011110110011111010111110101110110001101101011111110111101000111000
000000000000111000011000101111100110110100111101001111000011110101101101101111100001100000001110
000000000111100000011101101111100110110000111100001111000011110001101100101111100001110101111000
000000000000000000011010001111010110100011111100111111000110100000111101000110100000000000000000
000000000000000000011001001110100110110111111010111110100110110100111010000110010000000000000000
0000100000110000111100110111011111011111001110100111111011111101110100111110001111100110111001111000011000000100
0001000100100101000100010100100000101000100000000010001010000010010100010001010010010001000
111111111100000001101000001110000001110001011110010001101100001100000001111111111
0000000000000000000000000
1111111111111
0001110000000001111100000001111111000000111111110000001111111100000011111111000000111111110000111111110000111111110000111111110000011111110000000111110000000001110000000
0000100000110000111100110111011111011111001110100111111011111101110100111110001111100110111001111000011000000100
111100001 111100001 000010001 000010001 001100010 001100010 000111100 000111100 000111100 001100010 001100010 000010001 000010001 111100001 111100001